01
0101
010101
010102
010103
010104
010105
010106
010107
010108
010109
010110
010111
010112
010199
0102
010201
010202
010203
010204
010205
010206
010207
010299
0103
010301
010302
010303
010399
0104
010401
010402
010403
010404
010405
010406
010499
0105
010501
010502
010503
010504
010505
010506
010599
0199
019999
02
0201
020101
020102
020103
020104
020105
020106
020107
020108
020109
020110
020199
0202
020201
020202
020203
020204
020299
0203
020301
020302
020303
020304
020399
0204
020401
020402
020403
020404
020405
020406
020499
0205
020501
020502
020503
020504
020599
0206
020601
020602
020603
020604
020699
0299
029901
029902
029903
029904
029999
03
0301
030101
030102
030103
030104
030105
030106
030107
030108
030199
0302
030201
030202
030203
030204
030205
030206
030207
030299
0303
030301
030302
030303
030304
030305
030306
030307
030399
0304
030401
030402
030403
030404
030405
030406
030499
0305
030501
030502
030503
030504
030505
030599
0306
030601
030602
030603
030604
030605
030606
030607
030699
0307
030701
030702
030703
030704
030799
0399
039901
039902
039903
039904
039999
04
0401
040101
040102
040103
040104
040105
040106
040107
040108
040199
0402
040201
040202
040203
040204
040299
0403
040301
040302
040303
040304
040305
040306
040307
040308
040309
040310
040311
040312
040313
040314
040399
0404
040401
040402
040403
040404
040405
040406
040407
040499
0405
040501
040502
040503
040599
0406
040601
040602
040603
040604
040605
040606
040607
040608
040699
0499
049999
05
0501
050101
050102
050103
050104
050199
0502
050201
050202
050203
050204
050205
050206
050207
050208
050209
050210
050211
050299
0503
050301
050302
050303
050304
050305
050399
0599
059999
06
0601
060101
060102
060103
060104
060105
060106
060107
060108
060109
060110
060111
060112
060113
060114
060199
0602
060201
060202
060203
060204
060205
060206
060207
060208
060299
0603
060301
060302
060303
060304
060305
060306
060307
060308
060309
060310
060311
060399
0604
060401
060402
060403
060404
060405
060406
060407
060408
060409
060410
060411
060412
060499
0605
060501
060502
060503
060504
060505
060506
060599
0606
060601
060602
060603
060604
060699
0607
060701
060702
060703
060704
060705
060799
0608
060801
060802
060803
060804
060805
060806
060807
060808
060809
060899
0699
069901
069902
069999
07
0701
070101
070102
070103
070104
070105
070106
070107
070108
070199
0702
070201
070202
070203
070204
070205
070206
070207
070299
0703
070301
070302
070303
070304
070305
070306
070307
070308
070399
0704
070401
070402
070403
070404
070405
070406
070499
0705
070501
070502
070503
070504
070505
070506
070507
070508
070509
070510
070599
0706
070601
070602
070603
070604
070605
070699
0707
070701
070702
070703
070704
070705
070706
070707
070708
070709
070710
070711
070712
070799
0799
079901
079902
079999
08
0801
080101
080102
080103
080104
080105
080106
080107
080108
080109
080110
080111
080199
0802
080201
080202
080203
080204
080205
080299
0803
080301
080302
080303
080304
080305
080306
080307
080308
080309
080399
0804
080401
080402
080403
080404
080499
0805
080501
080502
080503
080504
080505
080599
0806
080601
080602
080603
080604
080605
080606
080607
080608
080609
080610
080611
080612
080613
080614
080699
0807
080701
080702
080703
080704
080705
080706
080707
080708
080709
080799
0899
089999
09
0901
090101
090102
090103
090104
090105
090106
090107
090108
090199
0902
090201
090202
090203
090204
090205
090299
0903
090301
090302
090303
090304
090305
090399
0904
090401
090402
090403
090404
090405
090406
090407
090408
090409
090410
090499
0905
090501
090502
090503
090504
090505
090506
090507
090508
090509
090599
0906
090601
090602
090603
090604
090605
090606
090607
090608
090609
090699
0907
090701
090702
090703
090799
0908
090801
090802
090803
090804
090805
090806
090899
0909
090901
090902
090903
090904
090905
090906
090999
0910
091001
091002
091003
091004
091005
091006
091007
091008
091009
091010
091011
091012
091099
0911
091101
091102
091103
091104
091105
091106
091199
0912
091201
091202
091203
091204
091205
091206
091207
091208
091209
091210
091299
0913
091301
091302
091303
091304
091305
091306
091307
091308
091309
091399
0914
091401
091402
091403
091404
091405
091406
091407
091499
0915
091501
091502
091503
091504
091505
091506
091507
091508
091599
0999
099901
099902
099999
10
1001
100101
100102
100103
100104
100105
100106
100107
100108
100109
100199
1002
100201
100202
100203
100204
100205
100206
100299
1003
100301
100302
100303
100304
100305
100306
100399
1004
100401
100402
100403
100404
100499
1005
100501
100502
100503
100504
100505
100506
100507
100508
100509
100510
100599
1006
100601
100602
100603
100604
100605
100606
100699
1007
100701
100702
100703
100704
100705
100706
100707
100708
100709
100710
100711
100712
100713
100799
1099
109999
11
1101
110101
110102
110103
110104
110105
110106
110107
110199
1102
110201
110202
110203
110299
1103
110301
110302
110303
110304
110305
110306
110307
110308
110309
110310
110311
110312
110313
110314
110315
110316
110317
110318
110319
110320
110321
110322
110323
110324
110399
1104
110401
110402
110403
110404
110405
110499
1105
110501
110502
110503
110504
110505
110506
110507
110508
110509
110599
1106
110601
110602
110603
110604
110699
1107
110701
110702
110703
110704
110705
110706
110707
110708
110709
110799
1108
110801
110802
110803
110804
110899
1109
110901
110902
110903
110904
110905
110906
110999
1110
111001
111002
111003
111004
111005
111006
111099
1111
111101
111102
111103
111104
111199
1112
111201
111202
111203
111204
111205
111206
111207
111208
111209
111299
1113
111301
111302
111303
111399
1114
111401
111402
111403
111404
111499
1115
111501
111502
111503
111504
111505
111506
111599
1116
111601
111602
111603
111699
1117
111701
111702
111703
111704
111705
111706
111707
111708
111709
111710
111711
111712
111713
111714
111715
111716
111717
111718
111799
1199
119999
12
1201
120101
120102
120103
120104
120105
120106
120107
120199
1202
120201
120202
120203
120299
1203
120301
120302
120303
120304
120305
120306
120307
120399
1204
120401
120402
120403
120404
120405
120499
1205
120501
120502
120503
120504
120505
120506
120507
120508
120599
1299
129999
13
1301
130101
130102
130103
130104
130105
130106
130107
130108
130199
1302
130201
130202
130203
130204
130205
130206
130207
130208
130209
130210
130211
130212
130213
130299
1303
130301
130302
130303
130304
130305
130306
130307
130308
130309
130310
130311
130312
130313
130399
1399
139999
14
1401
140101
140102
140103
140104
140199
1402
140201
140202
140203
140204
140205
140206
140207
140208
140209
140210
140211
140212
140213
140214
140215
140216
140217
140218
140219
140299
1403
140301
140302
140303
140304
140305
140399
1499
149901
149902
149903
149999
15
1501
150101
150102
150103
150104
150105
150106
150107
150199
1502
150201
150202
150203
150204
150205
150299
1503
150301
150302
150303
150304
150305
150306
150307
150308
150309
150310
150311
150312
150313
150314
150399
1504
150401
150402
150403
150404
150499
1505
150501
150502
150503
150504
150505
150506
150507
150599
1506
150601
150602
150603
150604
150605
150606
150699
1507
150701
150702
150703
150799
1599
159999
16
1601
160101
160102
160103
160104
160199
1602
160201
160202
160203
160204
160205
160206
160299
1603
160301
160302
160303
160304
160305
160399
1604
160401
160402
160403
160404
160499
1605
160501
160502
160503
160504
160505
160506
160507
160508
160509
160510
160511
160512
160513
160514
160599
1606
160601
160602
160603
160604
160605
160606
160607
160608
160609
160699
1607
160701
160702
160703
160799
1608
160801
160802
160803
160804
160805
160806
160807
160808
160809
160810
160899
1699
169901
169902
169903
169904
169905
169999
17
1701
170101
170102
170103
170104
170105
170106
170107
170108
170109
170110
170111
170112
170113
170114
170199
1702
170201
170202
170203
170204
170205
170299
1799
179999
18
1801
180101
180102
180103
180104
180105
180106
180107
180108
180109
180110
180111
180112
180113
180114
180115
180116
180117
180118
180119
180120
180121
180122
180123
180124
180125
180126
180199
1802
180201
180202
180203
180204
180299
1899
189999
19
1901
190101
190102
190103
190104
190199
1902
190201
190202
190203
190204
190205
190299
1903
190301
190302
190303
190399
1904
190401
190402
190403
190404
190405
190406
190407
190408
190409
190410
190499
1905
190501
190502
190503
190504
190599
1999
199999
20
2001
200101
200102
200103
200104
200105
200199
2002
200201
200202
200203
200204
200205
200206
200207
200208
200209
200210
200211
200212
200299
2003
200301
200302
200303
200304
200305
200306
200307
200308
200309
200310
200311
200312
200313
200314
200315
200316
200317
200318
200319
200320
200321
200322
200323
200399
2004
200401
200402
200403
200404
200405
200406
200407
200408
200499
2005
200501
200502
200503
200504
200505
200506
200507
200508
200509
200510
200511
200512
200513
200514
200515
200516
200517
200518
200519
200520
200521
200522
200523
200524
200525
200526
200599
2099
209999
21
2101
210101
210102
210103
210104
210105
210106
210107
210108
210109
210110
210199
2102
210201
210202
210203
210204
210299
2103
210301
210302
210303
210304
210305
210306
210307
210308
210309
210310
210311
210312
210313
210399
2199
219999
22
2201
220101
220102
220103
220104
220105
220106
220107
220199
2202
220201
220202
220203
220204
220205
220206
220207
220208
220209
220210
220299
2203
220301
220302
220303
220304
220305
220306
220307
220308
220309
220310
220311
220312
220313
220314
220315
220316
220317
220318
220319
220399
2204
220401
220402
220403
220404
220405
220406
220407
220499
2299
229999
30
3001
300101
300102
300103
300104
300105
300106
300107
300108
300109
300110
300199
3002
300201
300202
300203
300204
300205
300206
300207
300208
300209
300210
300299
3003
300301
300302
300303
300304
300305
300306
300307
300399
3004
300401
300402
300403
300404
300405
300406
300407
300408
300409
300410
300411
300412
300413
300499
3005
300501
300502
300503
300504
300505
300506
300599
3006
300601
300602
300603
300604
300605
300606
300607
300699
3007
300701
300702
300703
300704
300705
300706
300707
300708
300709
300710
300711
300712
300799
3008
300801
300802
300803
300804
300805
300806
300899
3009
300901
300902
300903
300904
300905
300906
300907
300908
300909
300910
300911
300912
300913
300914
300999
3099
309999
31
3101
310101
310102
310103
310104
310105
310106
310107
310108
310109
310110
310111
310112
310113
310114
310199
3102
310201
310202
310203
310204
310205
310206
310207
310208
310299
3103
310301
310302
310303
310304
310305
310306
310307
310308
310399
3104
310401
310402
310403
310404
310405
310406
310407
310408
310409
310410
310411
310412
310499
3105
310501
310502
310503
310504
310505
310506
310507
310508
310509
310510
310511
310599
3106
310601
310602
310603
310604
310605
310606
310607
310699
3107
310701
310702
310703
310704
310705
310706
310799
3108
310801
310802
310803
310804
310805
310806
310899
3109
310901
310902
310903
310904
310905
310906
310907
310908
310909
310910
310911
310912
310913
310914
310999
3199
319901
319902
319999
32
3201
320101
320102
320103
320199
3202
320201
320202
320203
320204
320205
320206
320207
320208
320209
320210
320211
320212
320213
320214
320215
320216
320217
320218
320219
320220
320221
320222
320223
320224
320225
320226
320227
320299
3203
320301
320302
320303
320304
320305
320306
320307
320308
320309
320310
320311
320312
320399
3204
320401
320402
320403
320404
320405
320406
320407
320408
320409
320499
3205
320501
320502
320503
320504
320505
320506
320507
320599
3206
320601
320602
320603
320604
320605
320606
320699
3207
320701
320702
320703
320704
320705
320799
3208
320801
320802
320803
320899
3209
320901
320902
320903
320904
320905
320906
320907
320999
3210
321001
321002
321003
321004
321005
321006
321099
3211
321101
321102
321103
321104
321105
321106
321107
321108
321109
321110
321111
321199
3212
321201
321202
321203
321204
321299
3213
321301
321302
321303
321399
3214
321401
321402
321403
321404
321405
321406
321407
321499
3215
321501
321502
321503
321599
3299
329999
33
3301
330101
330102
330103
330104
330105
330106
330107
330108
330109
330110
330199
3302
330201
330202
330203
330204
330205
330206
330207
330299
3303
330301
330302
330303
330304
330305
330306
330307
330308
330309
330310
330311
330312
330313
330314
330315
330316
330399
3304
330401
330402
330403
330404
330405
330406
330407
330408
330409
330410
330411
330412
330413
330499
3399
339999
34
3401
340101
340102
340103
340104
340105
340106
340107
340108
340109
340199
3402
340201
340202
340203
340204
340205
340206
340207
340208
340209
340210
340211
340299
3403
340301
340302
340303
340304
340305
340306
340307
340308
340309
340399
3404
340401
340402
340403
340404
340405
340406
340407
340499
3405
340501
340502
340503
340504
340505
340599
3406
340601
340602
340603
340604
340605
340606
340607
340608
340609
340699
3407
340701
340702
340703
340704
340799
3499
349901
349999
35
3501
350101
350102
350103
350104
350105
350106
350107
350108
350199
3502
350201
350202
350203
350204
350205
350206
350207
350208
350209
350299
3503
350301
350302
350303
350304
350305
350306
350307
350399
3504
350401
350402
350403
350404
350405
350499
3505
350501
350502
350503
350504
350505
350506
350507
350599
3506
350601
350602
350603
350604
350605
350606
350607
350608
350609
350610
350611
350612
350699
3507
350701
350702
350703
350704
350705
350706
350707
350708
350709
350710
350711
350712
350713
350714
350715
350716
350717
350718
350799
3508
350801
350802
350803
350804
350805
350806
350899
3509
350901
350902
350903
350904
350905
350906
350907
350908
350909
350999
3599
359999
36
3601
360101
360102
360103
360104
360199
3602
360201
360202
360203
360204
360205
360299
3603
360301
360302
360303
360304
360305
360306
360399
3604
360401
360402
360403
360499
3605
360501
360502
360503
360504
360505
360506
360599
3606
360601
360602
360603
360604
360699
3699
369999
37
3701
370101
370102
370103
370104
370105
370106
370107
370108
370109
370199
3702
370201
370202
370203
370299
3703
370301
370302
370303
370304
370399
3704
370401
370402
370403
370499
3705
370501
370502
370503
370504
370505
370506
370507
370508
370509
370510
370511
370512
370599
3706
370601
370602
370603
370604
370605
370606
370607
370608
370609
370699
3707
370701
370702
370703
370704
370705
370799
3708
370801
370802
370803
370899
3709
370901
370902
370903
370904
370905
370906
370999
3799
379901
379999
38
3801
380101
380102
380103
380104
380105
380106
380107
380108
380109
380110
380111
380112
380113
380114
380115
380116
380117
380118
380119
380199
3802
380201
380202
380203
380204
380205
380299
3803
380301
380302
380303
380304
380399
3899
389901
389902
389903
389999
39
3901
390101
390102
390103
390104
390105
390106
390107
390108
390109
390110
390111
390112
390113
390114
390115
390199
3902
390201
390202
390203
390299
3903
390301
390302
390303
390304
390305
390306
390307
390308
390399
3904
390401
390402
390403
390404
390405
390406
390407
390408
390409
390410
390411
390412
390499
3999
399999
40
4001
400101
400102
400103
400104
400105
400106
400107
400199
4002
400201
400202
400203
400204
400205
400299
4003
400301
400302
400303
400304
400305
400306
400307
400308
400309
400310
400311
400399
4004
400401
400402
400403
400404
400405
400406
400407
400408
400409
400410
400411
400499
4005
400501
400502
400503
400504
400505
400506
400507
400508
400509
400510
400511
400512
400513
400599
4006
400601
400602
400603
400604
400605
400606
400607
400608
400699
4007
400701
400702
400703
400704
400705
400706
400707
400708
400709
400710
400711
400799
4008
400801
400802
400803
400804
400805
400806
400807
400808
400899
4009
400901
400902
400903
400904
400905
400906
400907
400908
400909
400910
400911
400912
400913
400999
4010
401001
401002
401003
401004
401005
401006
401099
4011
401101
401102
401103
401104
401105
401106
401199
4012
401201
401202
401203
401204
401205
401206
401207
401208
401209
401210
401211
401212
401213
401299
4013
401301
401302
401303
401304
401305
401306
401399
4014
401401
401402
401403
401404
401405
401406
401407
401408
401409
401410
401411
401412
401413
401499
4015
401501
401502
401503
401504
401505
401599
4016
401601
401602
401603
401604
401605
401606
401607
401608
401609
401610
401611
401699
4017
401701
401702
401703
401704
401705
401706
401707
401708
401799
4018
401801
401802
401803
401804
401805
401806
401807
401808
401809
401810
401899
4019
401901
401902
401903
401904
401905
401906
401907
401908
401999
4099
409901
409902
409903
409999
41
4101
410101
410102
410103
410199
4102
410201
410202
410203
410204
410205
410206
410299
4103
410301
410302
410303
410304
410305
410306
410399
4104
410401
410402
410403
410404
410405
410406
410407
410499
4105
410501
410502
410503
410504
410599
4106
410601
410602
410603
410604
410605
410699
4199
419999
42
4201
420101
420102
420103
420104
420105
420106
420107
420108
420109
420110
420199
4202
420201
420202
420203
420204
420205
420206
420207
420208
420209
420210
420299
4203
420301
420302
420303
420304
420305
420306
420307
420308
420309
420310
420311
420312
420313
420314
420315
420316
420317
420318
420319
420320
420321
420399
4204
420401
420402
420403
420499
4205
420501
420502
420503
420504
420505
420506
420599
4206
420601
420602
420603
420604
420605
420606
420699
4207
420701
420702
420703
420799
4208
420801
420802
420803
420899
4299
429999
43
4301
430101
430102
430103
430104
430105
430106
430107
430108
430199
4302
430201
430202
430203
430204
430205
430206
430207
430208
430209
430299
4303
430301
430302
430303
430304
430305
430306
430307
430308
430309
430310
430311
430312
430313
430314
430315
430316
430317
430318
430319
430320
430321
430322
430323
430399
4399
439999
44
4401
440101
440102
440103
440104
440105
440106
440107
440199
4402
440201
440202
440203
440204
440205
440206
440207
440208
440209
440210
440211
440212
440213
440214
440215
440216
440217
440218
440219
440299
4403
440301
440302
440303
440304
440305
440399
4404
440401
440402
440403
440404
440405
440406
440407
440408
440499
4405
440501
440502
440503
440504
440505
440506
440507
440508
440509
440599
4406
440601
440602
440603
440604
440605
440606
440607
440608
440609
440610
440611
440612
440699
4407
440701
440702
440703
440704
440705
440706
440707
440708
440709
440710
440711
440712
440713
440714
440799
4408
440801
440802
440803
440804
440805
440806
440807
440808
440809
440810
440811
440899
4409
440901
440902
440903
440999
4410
441001
441002
441003
441004
441005
441006
441007
441008
441009
441010
441011
441012
441013
441014
441015
441016
441099
4499
449901
449999
45
4501
450101
450102
450103
450104
450105
450106
450107
450108
450109
450110
450111
450112
450113
450114
450115
450116
450117
450118
450199
4502
450201
450202
450203
450204
450205
450206
450207
450208
450209
450210
450211
450212
450213
450299
4503
450301
450302
450303
450304
450305
450306
450307
450399
4504
450401
450402
450403
450404
450405
450406
450407
450408
450409
450410
450411
450412
450413
450414
450415
450416
450417
450418
450419
450420
450421
450422
450423
450499
4505
450501
450502
450503
450504
450505
450506
450507
450508
450509
450510
450511
450512
450513
450514
450515
450516
450517
450518
450519
450520
450521
450522
450523
450524
450525
450526
450527
450599
4506
450601
450602
450603
450604
450605
450606
450607
450608
450609
450699
4507
450701
450702
450703
450704
450705
450706
450707
450708
450709
450710
450711
450712
450713
450714
450715
450716
450717
450718
450719
450720
450721
450799
4508
450801
450802
450803
450804
450805
450806
450807
450808
450809
450810
450811
450899
4509
450901
450902
450903
450904
450905
450906
450907
450999
4510
451001
451002
451003
451004
451005
451006
451007
451008
451009
451010
451011
451012
451013
451014
451015
451016
451017
451018
451019
451020
451021
451099
4511
451101
451102
451103
451104
451105
451106
451107
451108
451109
451110
451111
451112
451113
451114
451115
451116
451117
451118
451119
451120
451121
451122
451123
451124
451125
451126
451127
451128
451129
451130
451131
451199
4512
451201
451202
451203
451204
451205
451206
451207
451208
451209
451210
451211
451299
4513
451301
451302
451303
451304
451305
451306
451307
451308
451309
451310
451311
451312
451313
451314
451315
451316
451317
451318
451319
451399
4514
451401
451402
451403
451404
451405
451406
451407
451408
451409
451410
451411
451412
451413
451499
4515
451501
451502
451503
451504
451505
451506
451507
451599
4516
451601
451602
451603
451604
451605
451606
451607
451608
451609
451610
451611
451612
451613
451614
451615
451616
451617
451618
451619
451620
451699
4517
451701
451702
451703
451704
451705
451706
451707
451708
451709
451799
4518
451801
451802
451803
451804
451805
451806
451807
451808
451809
451810
451811
451812
451813
451814
451815
451816
451817
451818
451819
451820
451821
451822
451823
451824
451825
451826
451899
4519
451901
451902
451903
451904
451905
451906
451907
451999
4599
459999
46
4601
460101
460102
460103
460104
460105
460106
460199
4602
460201
460202
460203
460204
460205
460206
460207
460208
460209
460210
460211
460212
460299
4603
460301
460302
460303
460304
460305
460306
460307
460308
460309
460399
4604
460401
460402
460403
460404
460405
460406
460407
460499
4605
460501
460502
460503
460504
460505
460506
460507
460508
460509
460510
460511
460599
4606
460601
460602
460603
460604
460605
460606
460607
460608
460609
460610
460611
460612
460699
4607
460701
460702
460703
460704
460705
460706
460707
460708
460799
4608
460801
460802
460803
460804
460805
460806
460807
460808
460809
460810
460899
4609
460901
460902
460903
460904
460905
460906
460907
460908
460909
460910
460911
460912
460999
4610
461001
461002
461003
461004
461005
461006
461007
461008
461009
461010
461099
4611
461101
461102
461103
461104
461105
461106
461199
4612
461201
461202
461203
461204
461205
461206
461207
461208
461299
4613
461301
461302
461303
461304
461305
461306
461307
461399
4699
469999
47
4701
470101
470102
470103
470104
470105
470106
470107
470108
470199
4702
470201
470202
470203
470204
470205
470206
470207
470208
470209
470210
470211
470212
470213
470214
470299
4703
470301
470302
470303
470304
470305
470306
470307
470308
470309
470310
470311
470312
470313
470314
470315
470316
470317
470318
470319
470320
470321
470399
4704
470401
470402
470403
470404
470405
470406
470407
470408
470409
470410
470411
470499
4705
470501
470502
470503
470504
470505
470506
470507
470508
470509
470510
470511
470512
470513
470514
470515
470516
470517
470518
470519
470520
470521
470522
470523
470524
470525
470526
470527
470528
470529
470530
470531
470599
4799
479999
48
4801
480101
480102
480103
480104
480105
480106
480199
4802
480201
480202
480203
480204
480299
4803
480301
480302
480303
480304
480305
480306
480307
480308
480309
480310
480311
480399
4804
480401
480402
480403
480404
480405
480406
480407
480408
480409
480410
480411
480412
480413
480414
480499
4805
480501
480502
480503
480504
480505
480506
480507
480599
4806
480601
480602
480603
480604
480605
480699
4807
480701
480702
480703
480704
480705
480706
480707
480799
4899
489999
49
4901
490101
490102
490103
490104
490105
490106
490107
490108
490109
490199
4902
490201
490202
490203
490204
490205
490206
490299
4903
490301
490302
490303
490304
490399
4904
490401
490402
490403
490404
490405
490406
490407
490408
490409
490410
490411
490412
490499
4905
490501
490502
490503
490504
490505
490506
490507
490508
490509
490510
490511
490599
4999
499999
50
5001
500101
500102
500103
500104
500105
500106
500107
500199
5002
500201
500202
500203
500204
500205
500206
500207
500208
500299
5003
500301
500302
500303
500304
500305
500306
500307
500308
500309
500310
500311
500312
500313
500314
500315
500316
500317
500318
500319
500320
500321
500399
5004
500401
500402
500403
500404
500405
500406
500407
500499
5005
500501
500599
5099
509999
51
5101
510101
510102
510103
510104
510105
510106
510107
510108
510109
510199
5102
510201
510202
510203
510204
510205
510299
5103
510301
510302
510303
510304
510399
5104
510401
510402
510403
510404
510405
510406
510407
510499
5105
510501
510502
510599
5106
510601
510602
510699
5107
510701
510702
510703
510799
5108
510801
510802
510803
510804
510805
510899
5109
510901
510902
510903
510904
510905
510906
510999
5110
511001
511002
511003
511099
5199
519901
519999
52
5201
520101
520102
520103
520104
520105
520106
520107
520108
520199
5202
520201
520202
520203
520204
520205
520206
520207
520299
5203
520301
520302
520303
520304
520399
5204
520401
520402
520403
520404
520405
520406
520499
5205
520501
520502
520503
520504
520505
520599
5299
529999